1583539200000
1583290800000
1582945200000
1582772400000
1582340400000
1582081200000
1581735600000
1581476400000
1581130800000
1580871600000
1580526000000
1580266800000
1579921200000
1579748400000
1579575600000
1579316400000
1579057200000
1578711600000
1578452400000
1578106800000
1577761200000
1576897200000
1576724400000
1576551600000
1576292400000
1576033200000
1575687600000
1575428400000
1575082800000
1574823600000
1574478000000
1574218800000
1573873200000
1573614000000
1573268400000
1573009200000
1572836400000
1572404400000
1572058800000
1571886000000
1571713200000
1571454000000
1571194800000
1571022000000
1570590000000
1570244400000
1569985200000
1569639600000
1569466800000
1569294000000
1569034800000
1568775600000
1568430000000
1568170800000
1567998000000
1567566000000
1567220400000
1566961200000
1566615600000
1566356400000
1566010800000
1565751600000
1565406000000
1565233200000
1565060400000
1564801200000
1564542000000
1564196400000
1563937200000
1563591600000
1563332400000
1562986800000
1562814000000
1562641200000
1562382000000
1562122800000
1561777200000
1561518000000
1561172400000
1560913200000
1560567600000
1560308400000
1559962800000
1559703600000
1559358000000
1559098800000
1558753200000
1558494000000
1558148400000
1557889200000
1557543600000
1557284400000
1556938800000
1556766000000
1556334000000
1556074800000
1555729200000
1555470000000
1555124400000
1554865200000
1554519600000
1554260400000
1553914800000
1553655600000
1553310000000
1553050800000
1552705200000
1552446000000
1552100400000
1551841200000
1551495600000
1551322800000
1551150000000
1550890800000
1550631600000
1550286000000
1550026800000
1549681200000
1549422000000
1549076400000
1548817200000
1548471600000
1548212400000
1547866800000
1547694000000
1547521200000
1547262000000
1547002800000
1546657200000
1546398000000
1546225200000
1545274800000
1545102000000
1544842800000
1544583600000
1544238000000
1544065200000
1543892400000
1543633200000
1543374000000
1543028400000
1542769200000
1542423600000
1542164400000
1541818800000
1541559600000
1541214000000
1540954800000
1540609200000
1540436400000
1540263600000
1540004400000
1539745200000
1539399600000
1539140400000
1538794800000
1538535600000
1538190000000
1537930800000
1537585200000
1537412400000
1537239600000
1536980400000
1536721200000
1536375600000
1536116400000
1535770800000
1535511600000
1535166000000
1534906800000
1534561200000
1534388400000
1534215600000
1533956400000
1533697200000
1533351600000
1533092400000
1532746800000
1532487600000
1532142000000
1531882800000
1531537200000
1531278000000
1530932400000
1530759600000
1530586800000
1530327600000
1530068400000
1529722800000
1529463600000
1529118000000
1528858800000
1528513200000
1528254000000
1527908400000
1527649200000
1527303600000
1527044400000
1526698800000
1526439600000
1526094000000
1525921200000
1525748400000
1525489200000
1525230000000
1524884400000
1524625200000
1524193200000
1523934000000
1523674800000
1523415600000
1523070000000
1522810800000
1522465200000
1522206000000
1521860400000
1521601200000
1521255600000
1520996400000
1520650800000
1520391600000
1520046000000
1519786800000
1519441200000
1519182000000
1518836400000
1518577200000
1518231600000
1518058800000
1517886000000
1517626800000
1517367600000
1517022000000
1516762800000
1516417200000
1516158000000
1515812400000
1515553200000
1515207600000
1514948400000
1514689200000
1513825200000
1513652400000
1513393200000
1513134000000
1512788400000
1512529200000
1512183600000
1511924400000
1511578800000
1511319600000
1510974000000
1510801200000
1510369200000
1510196400000
1510023600000
1509764400000
1509505200000
1509159600000
1508900400000
1508554800000
1508382000000
1508209200000
1507950000000
1507690800000
1507345200000
1507086000000
1506740400000
1506481200000
1506135600000
1505962800000
1505790000000
1505530800000
1505271600000
1504926000000
1504666800000
1504321200000
1504062000000
1503716400000
1503457200000
1503111600000
1502852400000
1502506800000
1502334000000
1502161200000
1501902000000
1501642800000
1501297200000
1501038000000
1500692400000
1500433200000
1500087600000
1499828400000
1499482800000
1499310000000
1499137200000
1498878000000
1498618800000
1498273200000
1498014000000
1497668400000
1497409200000
1497063600000
1496804400000
1496458800000
1496199600000
1495854000000
1495594800000
1495249200000
1494990000000
1494644400000
1494471600000
1494298800000
1494039600000
1493780400000
1493434800000
1493175600000
1492830000000
1492570800000
1492225200000
1491966000000
1491620400000
1491361200000
1491015600000
1490756400000
1490410800000
1490151600000
1489806000000
1489546800000
1489201200000
1488942000000
1488596400000
1488337200000
1487991600000
1487818800000
1487646000000
1487386800000
1487127600000
1486782000000
1486522800000
1486177200000
1485918000000
1485572400000
1485313200000
1484967600000
1484708400000
1484362800000
1484103600000
1483758000000
1483498800000
1483153200000
1482548400000
1482375600000
1482202800000
1481943600000
1481684400000
1481338800000
1481079600000
1480734000000
1480474800000
1480129200000
1479870000000
1479524400000
1479265200000
1478919600000
1478746800000
1478574000000
1478314800000
1478142000000
1477710000000
1477450800000
1477105200000
1476932400000
1476759600000
1476500400000
1476327600000
1475895600000
1475636400000
1475290800000
1475031600000
1474686000000
1474513200000
1474340400000
1474081200000
1473822000000
1473476400000
1473303600000
1472871600000
1472612400000
1472266800000
1472007600000
1471662000000
1471402800000
1471057200000
1470884400000
1470711600000
1470452400000
1470193200000
1469847600000
1469588400000
1469242800000
1468983600000
1468638000000
1468465200000
1468292400000
1468033200000
1467774000000
1467428400000
1467169200000
1466823600000
1466564400000
1466218800000
1465959600000
1465614000000
1465441200000
1465268400000
1465009200000
1464750000000
1464404400000
1464145200000
1463799600000
1463540400000
1463194800000
1462935600000
1462590000000
1462417200000
1462244400000
1461985200000
1461726000000
1461380400000
1461121200000
1460775600000
1460516400000
1460170800000
1459911600000
1459566000000
1459306800000
1458961200000
1458702000000
1458356400000
1458097200000
1457751600000
1457578800000
1457406000000
1457146800000
1456887600000
1456542000000
1456282800000
1455937200000
1455678000000
1455332400000
1455073200000
1454727600000
1454554800000
1454382000000
1454122800000
1453863600000
1453518000000
1453258800000
1452913200000
1452740400000
1452567600000
1452308400000
1452049200000
1451703600000
1451530800000
1451098800000
1450926000000
1450753200000
1450494000000
1450234800000
1449889200000
1449630000000
1449284400000
1449025200000
1448679600000
1448420400000
1448074800000
1447815600000
1447470000000
1447383600000
1447124400000
1446865200000
1446606000000
1446260400000
1446001200000
1445655600000
1445396400000
1445050800000
1444878000000
1444705200000
1444446000000
1444186800000
1443841200000
1443582000000
1443236400000
1442977200000
1442631600000
1442372400000
1442026800000
1441767600000
1441422000000
1441162800000
1440817200000
1440558000000
1440212400000
1439953200000
1439607600000
1439348400000
1439002800000
1438830000000
1438657200000
1438398000000
1438138800000
1437793200000
1437534000000
1437188400000
1436929200000
1436583600000
1436410800000
1436238000000
1435978800000
1435719600000
1435374000000
1435114800000
1434769200000
1434510000000
1434164400000
1433905200000
1433559600000
1433300400000
1432954800000
1432695600000
1432350000000
1432090800000
1431745200000
1431486000000
1431140400000
1430967600000
1430794800000
1430535600000
1430276400000
1429930800000
1429671600000
1429326000000
1429066800000
1428721200000
1428462000000
1428116400000
1427857200000
1427511600000
1427252400000
1426906800000
1426647600000
1426302000000
1426042800000
1425697200000
1425438000000
1425092400000
1424833200000
1424487600000
1424228400000
1423882800000
1423623600000
1423278000000
1423018800000
1422673200000
1422414000000
1422068400000
1421809200000
1421463600000
1421204400000
1420858800000
1420599600000
1420254000000
1419994800000
1419390000000
1419044400000
1418785200000
1418439600000
1418180400000
1417834800000
1417575600000
1417230000000
1416970800000
1416625200000
1416366000000
1415934000000
1415761200000
1415415600000
1415156400000
1414810800000
1414551600000
1414206000000
1413946800000
1413601200000
1413342000000
1412996400000
1412737200000
1412391600000
1412132400000
1411786800000
1411527600000
1411182000000
1410922800000
1410577200000
1410318000000
1409972400000
1409713200000
1409367600000
1409108400000
1408762800000
1408503600000
1408158000000
1407898800000
1407553200000
1407380400000
1407207600000
1406948400000
1406689200000
1406343600000
1406084400000
1405738800000
1405479600000
1405134000000
1404874800000
1404529200000
1404270000000
1403924400000
1403665200000
1403319600000
1403060400000
1402714800000
1402455600000
1402110000000
1401850800000
1401505200000
1401246000000
1400900400000
1400641200000
1400295600000
1400036400000
1399690800000
1399431600000
1399086000000
1398826800000
1398481200000
1398222000000
1397876400000
1397617200000
1397271600000
1397012400000
1396666800000
1396407600000
1396062000000
1395802800000
1395457200000
1395198000000
1394852400000
1394593200000
1394247600000
1393988400000
1393642800000
1393383600000
1393038000000
1392778800000
1392433200000
1392174000000
1391828400000
1391569200000
1391223600000
1390964400000
1390618800000
1390359600000
1390014000000
1389754800000
1389409200000
1389236400000
1388804400000
1388631600000
1388458800000
1387594800000
1387422000000
1387249200000
1386990000000
1386730800000
1386385200000
1386126000000
1385780400000
1385521200000
1385175600000
1384916400000
1384570800000
1384311600000
1383966000000
1383706800000
1383274800000
1383102000000
1382756400000
1382497200000
1382151600000
1381892400000
1381460400000
1381287600000
1380942000000
1380682800000
1380337200000
1380078000000
1379732400000
1379473200000
1379127600000
1378868400000
1378436400000
1378263600000
1377918000000
1377658800000
1377313200000
1377054000000
1376708400000
1376449200000
1376103600000
1375930800000
1375758000000
1375498800000
1375239600000
1374894000000
1374634800000
1374289200000
1374030000000
1373684400000
1373425200000
1373079600000
1372820400000
1372474800000
1372215600000
1371870000000
1371610800000
1371265200000
1371006000000
1370660400000
1370401200000
1370055600000
1369796400000
1369450800000
1369191600000
1368846000000
1368586800000
1368241200000
1367982000000
1367636400000
1367463600000
1367031600000
1366772400000
1366426800000
1366167600000
1365822000000
1365562800000
1365217200000
1364958000000
1364612400000
1364353200000
1364007600000
1363748400000
1363402800000
1363143600000
1362798000000
1362538800000
1362193200000
1361934000000
1361588400000
1361329200000
1360983600000
1360724400000
1360378800000
1360119600000
1359774000000
1359514800000
1359169200000
1358910000000
1358564400000
1358305200000
1357959600000
1357700400000
1357354800000
1357095600000
1356922800000
1356145200000
1355972400000
1355799600000
1355540400000
1355281200000
1354935600000
1354676400000
1354330800000
1354071600000
1353726000000
1353466800000
1353121200000
1352862000000
1352516400000
1352257200000
1351911600000
1351652400000
1351306800000
1351047600000
1350702000000
1350442800000
1350097200000
1349838000000
1349492400000
1349233200000
1348887600000
1348628400000
1348282800000
1348023600000
1347678000000
1347418800000
1347073200000
1346814000000
1346468400000
1346209200000
1345863600000
1345604400000
1345258800000
1344999600000
1344654000000
1344481200000
1344308400000
1344049200000
1343790000000
1343444400000
1343185200000
1342839600000
1342580400000
1342234800000
1341975600000
1341630000000
1341370800000
1341025200000
1340766000000
1340420400000
1340161200000
1339815600000
1339556400000
1339210800000
1338951600000
1338606000000
1338346800000
1338001200000
1337742000000
1337396400000
1337137200000
1336791600000
1336532400000
1336186800000
1335927600000
1335582000000
1335322800000
1334890800000
1334718000000
1334372400000
1334113200000
1333767600000
1333508400000
1333162800000
1332903600000
1332558000000
1332298800000
1331953200000
1331694000000
1331348400000
1331089200000
1330743600000
1330570800000
1330138800000
1329879600000
1329534000000
1329274800000
1328929200000
1328670000000
1328324400000
1328065200000
1327719600000
1327460400000
1327114800000
1326855600000
1326510000000
1326250800000
1325905200000
1325646000000
1325300400000
1324695600000
1324522800000
1324350000000
1324090800000
1323831600000
1323486000000
1323226800000
1322881200000
1322622000000
1322276400000
1322017200000
1321671600000
1321412400000
1321066800000
1320807600000
1320462000000
1320289200000
1319857200000
1319598000000
1319252400000
1318993200000
1318647600000
1318474800000
1318042800000
1317783600000
1317438000000
1317178800000
1316833200000
1316574000000
1316228400000
1315969200000
1315623600000
1315450800000
1315018800000
1314759600000
1314414000000
1314154800000
1313809200000
1313550000000
1313204400000
1313031600000
1312858800000
1312599600000
1312340400000
1311994800000
1311735600000
1311390000000
1311130800000
1310785200000
1310526000000
1310180400000
1309921200000
1309575600000
1309316400000
1308970800000
1308711600000
1308366000000
1308106800000
1307761200000
1307502000000
1307156400000
1306897200000
1306551600000
1306292400000
1305946800000
1305687600000
1305342000000
1305082800000
1304737200000
1304478000000
1304132400000
1303873200000
1303527600000
1303268400000
1302922800000
1302663600000
1302318000000
1302058800000
1301713200000
1301454000000
1301108400000
1300849200000
1300503600000
1300244400000
1299898800000
1299639600000
1299294000000
1299034800000
1298689200000
1298430000000
1298084400000
1297825200000
1297479600000
1297220400000
1296874800000
1296615600000
1296270000000
1296010800000
1295665200000
1295406000000
1295060400000
1294801200000
1294455600000
1294196400000
1293764400000
1293159600000
1292986800000
1292814000000
1292641200000
1292382000000
1292036400000
1291777200000
1291431600000
1291172400000
1290826800000
1290567600000
1290222000000
1289962800000
1289617200000
1289358000000
1289012400000
1288753200000
1288407600000
1288148400000
1287802800000
1287543600000
1287198000000
1286938800000
1286593200000
1286334000000
1285988400000
1285729200000
1285383600000
1285124400000
1284778800000
1284519600000
1284174000000
1283914800000
1283569200000
1283310000000
1282964400000
1282705200000
1282359600000
1282100400000
1281754800000
1281495600000
1281150000000
1280890800000
1280545200000
1280286000000
1279940400000
1279681200000
1279335600000
1279076400000
1278730800000
1278471600000
1278126000000
1277866800000
1277521200000
1277262000000
1276916400000
1276657200000
1276311600000
1276052400000
1275706800000
1275447600000
1275102000000
1274842800000
1274497200000
1274238000000
1273892400000
1273633200000
1273287600000
1273028400000
1272596400000
1272423600000
1272078000000
1271732400000
1271473200000
1271214000000
1270868400000
1270609200000
1270263600000
1270004400000
1269658800000
1269399600000
1269054000000
1268794800000
1268449200000
1268190000000
1267844400000
1267585200000
1267239600000
1266980400000
1266634800000
1266375600000
1266030000000
1265770800000
1265425200000
1265166000000
1264820400000
1264561200000
1264215600000
1263956400000
1263610800000
1263351600000
1263006000000
1262746800000
1262401200000
1262228400000
1261796400000
1261623600000
1261450800000
1261191600000
1260932400000
1260586800000
1260327600000
1259982000000
1259722800000
1259377200000
1259118000000
1258772400000
1258513200000
1258167600000
1257908400000
1257562800000
1257303600000
1256958000000
1256698800000
1256353200000
1256094000000
1255748400000
1255489200000
1255143600000
1254884400000
1254538800000
1254279600000
1253934000000
1253674800000
1253329200000
1253070000000
1252724400000
1252465200000
1252119600000
1251860400000
1251514800000
1251255600000
1250910000000
1250650800000
1250305200000
1250046000000
1249700400000
1249441200000
1249095600000
1248836400000
1248490800000
1248231600000
1247886000000
1247626800000
1247281200000
1247022000000
1246676400000
1246417200000
1246071600000
1245812400000
1245466800000
1245207600000
1244862000000
1244602800000
1244257200000
1243998000000
1243652400000
1243393200000
1243047600000
1242788400000
1242442800000
1242183600000
1241838000000
1241578800000
1241233200000
1240974000000
1240628400000
1240369200000
1240023600000
1239764400000
1239418800000
1239159600000
1238814000000
1238554800000
1238209200000
1237950000000
1237604400000
1237345200000
1236999600000
1236740400000
1236394800000
1236135600000
1235790000000
1235530800000
1235185200000
1234926000000
1234580400000
1234321200000
1233975600000
1233716400000
1233370800000
1233111600000
1232766000000
1232506800000
1232161200000
1231902000000
1231556400000
1231297200000
1230951600000
1230692400000
1230346800000
1230087600000
1229742000000
1229482800000
1229137200000
1228878000000
1228532400000
1228273200000
1227927600000
1227668400000
1227322800000
1227063600000
1226804400000
1226458800000
1226113200000
1225854000000
1225508400000
1225249200000
1224903600000
1224644400000
1224298800000
1224039600000
1223694000000
1223434800000
1223089200000
1222830000000
1222484400000
1222225200000
1221879600000
1221620400000
1221274800000
1221015600000
1220670000000
1220410800000
1220065200000
1219806000000
1219460400000
1219201200000
1218855600000
1218596400000
1218250800000
1217991600000
1217646000000
1217386800000
1217041200000
1216782000000
1216436400000
1216177200000
1215831600000
1215572400000
1215226800000
1214967600000
1214622000000
1214362800000
1214017200000
1213758000000
1213412400000
1213153200000
1212807600000
1212548400000
1212202800000
1211943600000
1211598000000
1211338800000
1210993200000
1210734000000
1210388400000
1210129200000
1209783600000
1209524400000
1209178800000
1208919600000
1208574000000
1208314800000
1207969200000
1207710000000
1207364400000
1207105200000
1206759600000
1206500400000
1206154800000
1205895600000
1205550000000
1205290800000
1204945200000
1204686000000
1204340400000
1204081200000
1203735600000
1203476400000
1203130800000
1202871600000
1202526000000
1202266800000
1201921200000
1201662000000
1201316400000
1201057200000
1200711600000
1200452400000
1200106800000
1199847600000
1199502000000
1199070000000
1198292400000
1198033200000
1197687600000
1197428400000
1197082800000
1196823600000
1196478000000
1196218800000
1195873200000
1195614000000
1195268400000
1195009200000
1194663600000
1194404400000
1194058800000
1193799600000
1193454000000
1193194800000
1192849200000
1192590000000
1192244400000
1191985200000
1191639600000
1191380400000
1191034800000
1190775600000
1190430000000
1190170800000
1189825200000
1189566000000
1189220400000
1188961200000
1188615600000
1188356400000
1188010800000
1187751600000
1187406000000
1187146800000
1186801200000
1186542000000
1186196400000
1185937200000
1185591600000
1185332400000
1184986800000
1184727600000
1184382000000
1184122800000
1183777200000
1183518000000
1183172400000
1182913200000
1182567600000
1182308400000
1181962800000
1181703600000
1181358000000
1181098800000
1180753200000
1180494000000
1180148400000
1179889200000
1179543600000
1179284400000
1178938800000
1178679600000
1178334000000
1178074800000
1177729200000
1177470000000
1177297200000
1176865200000
1176519600000
1176260400000
1175914800000
1175655600000
1175310000000
1175050800000
1174705200000
1174446000000
1174100400000
1173841200000
1173495600000
1173236400000
1172890800000
1172631600000
1172286000000
1171681200000
1171422000000
1171076400000
1170817200000
1170471600000
1170212400000
1169866800000
1169607600000
1169262000000
1169002800000
1168657200000
1168398000000
1168052400000
1167793200000
1167534000000
1166842800000
1166670000000
1166497200000
1166238000000
1165978800000
1165633200000
1165374000000
1165028400000
1164769200000
1164423600000
1164164400000
1163818800000
1163646000000
1163214000000
1162954800000
1162609200000
1162350000000
1162004400000
1161745200000
1161399600000
1161140400000
1160794800000
1160622000000
1160190000000
1159930800000
1159585200000
1159326000000
1158980400000
1158721200000
1158375600000
1158116400000
1157770800000
1157511600000
1157166000000
1156906800000
1156561200000
1156302000000
1155956400000
1155697200000
1155351600000
1155092400000
1154746800000
1154487600000
1154142000000
1153882800000
1153537200000
1153278000000
1152932400000
1152673200000
1152327600000
1152068400000
1151722800000
1151463600000
1151118000000
1150858800000
1150513200000
1150254000000
1149908400000
1149649200000
1149303600000
1149044400000
1148698800000
1148439600000
1148180400000
1147921200000
1147489200000
1147230000000
1146884400000
1146625200000
1146279600000
1146020400000
1145674800000
1145415600000
1145070000000
1144810800000
1144465200000
1144206000000
1143860400000
1143601200000
1143255600000
1142996400000
1142650800000
1142391600000
1142046000000
1141786800000
1141441200000
1141182000000
1140836400000
1140577200000
1140231600000
1139972400000
1139626800000
1139367600000
1139022000000
1138762800000
1138417200000
1138158000000
1137812400000
1137553200000
1137207600000
1136948400000
1136602800000
1136343600000
1135998000000
1135134000000
1134788400000
1134529200000
1134183600000
1133924400000
1133578800000
1133319600000
1132974000000
1132714800000
1132369200000
1132110000000
1131764400000
1131505200000
1131159600000
1130554800000
1130295600000
1129950000000
1129690800000
1129345200000
1128740400000
1128481200000
1128135600000
1127876400000
1127530800000
1127271600000
1127098800000
1126666800000
1126321200000
1125716400000
1125457200000
1125111600000
1124852400000
1124506800000
1124247600000
1123902000000
1123642800000
1123297200000
1123038000000
1122692400000
1122433200000
1122087600000
1121828400000
1121482800000
1121223600000
1120878000000
1120618800000
1120273200000
1120014000000
1119668400000
1119409200000
1119063600000
1118804400000
1118458800000
1118199600000
1117854000000
1117594800000
1117249200000
1116990000000
1116644400000
1116385200000
1116039600000
1115780400000
1115434800000
1115175600000
1114830000000
1114570800000
1114225200000
1113966000000
1113620400000
1113361200000
1113015600000
1112756400000
1112410800000
1112151600000
1111806000000
1111546800000
1111201200000
1110942000000
1110596400000
1110337200000
1109991600000
1109732400000
1109386800000
1109127600000
1108782000000
1108522800000
1108177200000
1107572400000
1107313200000
1106967600000
1106708400000
1106362800000
1106103600000
1105758000000
1105498800000
1105153200000
1104894000000
1104289200000
1103684400000
1103338800000
1103079600000
1102734000000
1102474800000
1102129200000
1101870000000
1101524400000
1101265200000
1100919600000
1100660400000
1100314800000
1100055600000
1099710000000
1099450800000
1099105200000
1098846000000
1098500400000
1098241200000
1097895600000
1097636400000
1097290800000
1097031600000
1096686000000
1096426800000
1096081200000
1095822000000
1095476400000
1095217200000
1094871600000
1094612400000
1094266800000
1094007600000
1093662000000
1093402800000
1093057200000
1092798000000
1092452400000
1092193200000
1091847600000
1091588400000
1091242800000
1090983600000
1090638000000
1090378800000
1090033200000
1089774000000
1089428400000
1089169200000
1088823600000
1088564400000
1088218800000
1087959600000
1087614000000
1087354800000
1087009200000
1086750000000
1086404400000
1086145200000
1085799600000
1085540400000
1085194800000
1084935600000
1084590000000
1084330800000
1083985200000
1083726000000
1083380400000
1083121200000
1082775600000
1082516400000
1082170800000
1081911600000
1081566000000
1081306800000
1080961200000
1080702000000
1080356400000
1080097200000
1079751600000
1079492400000
1079146800000
1078887600000
1078542000000
1078282800000
1077937200000
1077332400000
1077073200000
1076727600000
1076468400000
1076122800000
1075863600000
1075518000000
1075258800000
1074913200000
1074654000000
1074308400000
1074049200000
1073703600000
1073444400000
1073098800000
1072494000000
1071889200000
1071630000000
1071284400000
1071025200000
1070679600000
1070420400000
1070074800000
1069815600000
1069470000000
1069210800000
1068865200000
1068606000000
1068260400000
1068001200000
1067655600000
1067396400000
1067050800000
1066791600000
1066446000000
1066186800000
1065841200000
1065582000000
1065236400000
1064977200000
1064631600000
1064026800000
1063767600000
1063422000000
1063162800000
1062817200000
1062558000000
1062212400000
1061953200000
1061607600000
1061348400000
1061002800000
1060743600000
1060398000000
1060138800000
1059793200000
1059534000000
1059188400000
1058929200000
1058583600000
1058324400000
1057978800000
1057719600000
1057374000000
1057114800000
1056769200000
1056510000000
1056164400000
1055905200000
1055559600000
1055300400000
1054954800000
1054695600000
1054350000000
1054090800000
1053745200000
1053486000000
1053140400000
1052881200000
1052535600000
1052276400000
1051930800000
1051671600000
1051326000000
1051066800000
1050721200000
1050462000000
1050116400000
1049857200000
1049511600000
1049252400000
1048906800000
1048647600000
1048302000000
1048042800000
1047697200000
1047438000000
1047092400000
1046487600000
1046228400000
1045882800000
1045623600000
1045278000000
1045018800000
1044673200000
1044414000000
1044068400000
1043809200000
1043463600000
1043204400000
1042858800000
1042599600000
1042254000000
1041994800000
1041649200000
1041044400000
1040439600000
1040180400000
1039834800000
1039575600000
1039230000000
1038970800000
1038625200000
1038366000000
1038020400000
1037761200000
1037415600000
1037156400000
1036810800000
1036551600000
1036206000000
1035946800000
1035601200000
1035342000000
1034996400000
1034737200000
1034391600000
1034132400000
1033786800000
1033527600000
1033182000000
1032922800000
1032577200000
1032318000000
1031972400000
1031713200000
1031367600000
1031108400000
1030762800000
1030503600000
1030158000000
1029898800000
1029553200000
1029294000000
1028948400000
1028689200000
1028343600000
1028084400000
1027738800000
1027479600000
1027134000000
1026874800000
1026529200000
1026270000000
1025924400000
1025665200000
1025319600000
1025060400000
1024714800000
1024455600000
1024110000000
1023850800000
1023505200000
1023246000000
1022900400000
1022641200000
1022295600000
1022036400000
1021690800000
1021431600000
1021086000000
1020826800000
1020481200000
1019876400000
1019617200000
1019271600000
1019012400000
1018666800000
1018407600000
1018062000000
1017802800000
1017457200000
1017198000000
1016852400000
1016593200000
1016247600000
1015988400000
1015642800000
1015383600000
1015038000000
1014778800000
1014433200000
1014174000000
1013824800000
1013220000000
1012960800000
1012615200000
1012356000000
1012010400000
1011751200000
1011405600000
1011146400000
1010800800000
1010541600000
1010196000000
1009591200000
1008986400000
1008727200000
1008381600000
1008122400000
1007776800000
1007517600000
1007172000000
1006912800000
1006567200000
1006308000000
1005962400000
1005703200000
1005357600000
1005098400000
1004752800000
1004493600000
1004148000000
1003888800000
1003543200000
1003284000000
1002942000000
1002682800000
1002337200000
1002078000000
1001732400000
1001473200000
1001127600000
1000868400000
1000522800000
1000263600000
999918000000
999658800000
999313200000
999054000000
998708400000
998449200000
998103600000
997844400000
997498800000
997239600000
996894000000
996634800000
996289200000
995684400000
995079600000
994474800000
993870000000
993265200000
992660400000
992055600000
991450800000
990846000000
990241200000
989636400000
989031600000
988426800000
987822000000
987217200000
986612400000
986007600000
985402800000
984798000000
984193200000
983588400000
982983600000
982378800000
981774000000
981169200000
980564400000
979959600000
979354800000
978750000000
978145200000
977540400000
976935600000
976330800000
975726000000
975121200000
974516400000
973911600000
973306800000
972702000000
972097200000
971492400000
970887600000
970282800000
969678000000
969073200000
968468400000
967863600000
967258800000
966654000000
966049200000
965444400000
964839600000
964234800000
963630000000
963025200000
962420400000
961815600000
961210800000
960606000000
960001200000
959396400000
958791600000
958186800000
957582000000
956977200000
956372400000
955767600000
955162800000
954558000000
953953200000
953348400000
952743600000
952138800000
951530400000
950925600000
950320800000
949716000000
949111200000
948506400000
947901600000
947296800000
946605600000
946000800000
945482400000
944877600000
944272800000
943668000000
943063200000
942458400000
941853600000
941335200000
940730400000
940039200000
939520800000
938833200000
938228400000
937623600000
937018800000
936414000000
935809200000
935204400000
934599600000
933994800000
933390000000
932785200000
932180400000
931575600000
930970800000
930366000000
929761200000
929156400000
928551600000
927946800000
927342000000
926737200000
926132400000
925527600000
924922800000
924318000000
923713200000
923108400000
922503600000
921898800000
921294000000
920689200000
920084400000
919479600000
918874800000
918270000000
917665200000
917060400000
916455600000
915850800000
915073200000
914468400000
914036400000
913431600000
912826800000
912222000000
911617200000
911012400000
910407600000
909802800000
909198000000
908593200000
907988400000
907383600000
906778800000
906174000000
905569200000
904964400000
904359600000
903754800000
903150000000
902545200000
901940400000
901335600000
900730800000
900126000000
899521200000
898916400000
898311600000
897706800000
897102000000
896497200000
895892400000
895287600000
894682800000
894078000000
893473200000
892868400000
892263600000
891658800000
891140400000
890535600000
889930800000
889326000000
888721200000
888116400000
887511600000
886906800000
886302000000
885697200000
885092400000
884487600000
883882800000
883278000000
882673200000
882068400000
881463600000
880858800000
880254000000
879649200000
879044400000
878439600000
877834800000
877230000000
876625200000
876020400000
875415600000
874810800000
874206000000
873601200000
872996400000
872391600000
871786800000
871182000000
870577200000
869972400000
869367600000
868762800000
868158000000
867553200000
866948400000
866343600000
865738800000
865134000000
864529200000
863924400000
863319600000
862714800000
862110000000
861505200000
860900400000
860295600000
859690800000
859086000000
858481200000
857876400000
857271600000
856666800000
856062000000
855457200000
854852400000
854247600000
853642800000
853038000000
852433200000
851828400000
851223600000
850618800000
850014000000
849409200000
848804400000
848199600000
847594800000
846990000000
846385200000
845780400000
845175600000
844570800000
843966000000
843361200000
842756400000
842151600000
841546800000
840942000000
840423600000
839818800000
839214000000
838609200000
838004400000
837399600000
836794800000
836190000000
835585200000
834980400000
834375600000
833770800000
833166000000
832561200000
831956400000
831351600000
830746800000
830142000000
829537200000
828932400000
828327600000
827722800000
827118000000
826513200000
